87
53
76
85
44
86
85
50
62
87
85
64
61
66
24
31
5x
34
64
38
71
16
18
27679
55692
19677
37142
81355
84122
17515
94715
84362
21836
12645
5097
22225
467b15
35575
38072
73710
86514
91800
52194
57015
36648
88346
77128
95531
66405
47315
63758
42883
62175
53616
57144
70180
23184
54542
86888
53524
7971f4
69032
65571
36406
94564
63142
88969
29815
62344
80916
1287
44451
19253
92135
94176
57499
14305
66078
88506
3737
7741
62061
69170
28753
79129
54293
33881
75446
96132
13249
94980
97664
82947
58922
69824
27050
7846
26503
64634
26442